function x_grid = dummy1_x_grid

x_grid = [
2.00002000e-04
2.00002001e-04
2.00010425e-04
2.43565501e-04
4.00004169e-04
4.00455084e-04
6.00006568e-04
6.01068323e-04
8.00034935e-04
8.26824332e-04
1.00413010e-03
1.20196011e-03
1.40190493e-03
1.60368596e-03
1.81227214e-03
2.05272611e-03
2.40241477e-03
2.66467941e-03
3.02879608e-03
3.42304176e-03
3.83989542e-03
4.30509934e-03
4.82621649e-03
5.40154237e-03
6.00482873e-03
6.64785501e-03
7.37821489e-03
8.15031967e-03
9.00344912e-03
9.90015319e-03
1.08833416e-02
1.19445038e-02
1.30788765e-02
1.42983697e-02
1.56110099e-02
1.70072254e-02
1.84910522e-02
2.00792974e-02
2.17717328e-02
2.35659612e-02
2.54679646e-02
2.74841441e-02
2.96191715e-02
3.18694079e-02
3.42454718e-02
3.67471193e-02
3.93796266e-02
4.21427000e-02
4.50429580e-02
4.80809598e-02
5.12611303e-02
5.45859919e-02
5.80553760e-02
6.16741567e-02
6.54442865e-02
6.93670473e-02
7.34441272e-02
7.76773793e-02
8.20687266e-02
8.66195796e-02
9.13296629e-02
9.62020724e-02
1.01235350e-01
1.06431641e-01
1.11791106e-01
1.17313206e-01
1.22999648e-01
1.28848552e-01
1.34860846e-01
1.41035995e-01
1.47373204e-01
1.53871662e-01
1.60530871e-01
1.67349717e-01
1.74326918e-01
1.81461381e-01
1.88751621e-01
1.96196253e-01
2.03793325e-01
2.11541134e-01
2.19438154e-01
2.27482100e-01
2.35671125e-01
2.44003141e-01
2.52475497e-01
2.61086334e-01
2.69833212e-01
2.78713508e-01
2.87724930e-01
2.96864879e-01
3.06130748e-01
3.15519935e-01
3.25029836e-01
3.34657634e-01
3.44400790e-01
3.54256367e-01
3.64221838e-01
3.74294283e-01
3.84471084e-01
3.94749435e-01
4.05126573e-01
4.15599833e-01
4.26166357e-01
4.36823552e-01
4.47568665e-01
4.58399084e-01
4.69312081e-01
4.80305137e-01
4.91375652e-01
5.02521029e-01
5.13738810e-01
5.25026516e-01
5.36381688e-01
5.47801962e-01
5.59284955e-01
5.70828426e-01
5.82430078e-01
5.94087706e-01
6.05799185e-01
6.17562360e-01
6.29375204e-01
6.41235698e-01
6.53141882e-01
6.65091856e-01
6.77083765e-01
6.89115803e-01
7.01186225e-01
7.13293319e-01
7.25435452e-01
7.37611018e-01
7.49818471e-01
7.62056318e-01
7.74323114e-01
7.86617464e-01
7.98938019e-01
8.11283481e-01
8.23652600e-01
8.36044170e-01
8.48457035e-01
8.60890082e-01
8.73342242e-01
8.85812487e-01
8.98299846e-01
9.10803365e-01
9.23322161e-01
9.35855361e-01
9.48402148e-01
9.60961752e-01
9.73533418e-01
9.86116439e-01
9.98710143e-01
1.01131389e+00
1.02392708e+00
1.03654914e+00
1.04917952e+00
1.06181771e+00
1.07446325e+00
1.08711567e+00
1.09977453e+00
1.11243947e+00
1.12511009e+00
1.13778605e+00
1.15046704e+00
1.16315274e+00
1.17584288e+00
1.18853722e+00
1.20123551e+00
1.21393755e+00
1.22664313e+00
1.23935209e+00
1.25206426e+00
1.26477951e+00
1.27749772e+00
1.29021875e+00
1.30294256e+00
1.31566904e+00
1.32839812e+00
1.34112978e+00
1.35386395e+00
1.36660062e+00
1.37933978e+00
1.39208143e+00
1.40482555e+00
1.41757220e+00
1.43032139e+00
1.44307314e+00
1.45582751e+00
1.46858457e+00
1.48134437e+00
1.49410698e+00
1.50687246e+00
1.51964091e+00
1.53241242e+00
1.54518710e+00
1.55796503e+00
1.57074632e+00
1.58353109e+00
1.59631945e+00
1.60911152e+00
1.62190743e+00
1.63470731e+00
1.64751129e+00
1.66031951e+00
1.67313210e+00
1.68594922e+00
1.69877099e+00
1.71159757e+00
1.72442912e+00
1.73726579e+00
1.75010773e+00
1.76295508e+00
1.77580800e+00
1.78866668e+00
1.80153126e+00
1.81440188e+00
1.82727874e+00
1.84016198e+00
1.85305177e+00
1.86594828e+00
1.87885165e+00
1.89176208e+00
1.90467971e+00
1.91760471e+00
1.93053727e+00
1.94347753e+00
1.95642565e+00
1.96938182e+00
1.98234620e+00
1.99531894e+00
2.00830022e+00
2.02129019e+00
2.03428903e+00
2.04729690e+00
2.06031396e+00
2.07334036e+00
2.08637628e+00
2.09942187e+00
2.11247731e+00
2.12554274e+00
2.13861831e+00
2.15170422e+00
2.16480057e+00
2.17790757e+00
2.19102532e+00
2.20415403e+00
2.21729382e+00
2.23044483e+00
2.24360725e+00
2.25678121e+00
2.26996686e+00
2.28316434e+00
2.29637380e+00
2.30959540e+00
2.32282926e+00
2.33607557e+00
2.34933442e+00
2.36260597e+00
2.37589037e+00
2.38918775e+00
2.40249825e+00
2.41582200e+00
2.42915916e+00
2.44250984e+00
2.45587417e+00
2.46925230e+00
2.48264435e+00
2.49605047e+00
2.50947076e+00
2.52290537e+00
2.53635442e+00
2.54981802e+00
2.56329632e+00
2.57678943e+00
2.59029748e+00
2.60382057e+00
2.61735886e+00
2.63091243e+00
2.64448141e+00
2.65806592e+00
2.67166608e+00
2.68528201e+00
2.69891381e+00
2.71256159e+00
2.72622546e+00
2.73990557e+00
2.75360198e+00
2.76731484e+00
2.78104421e+00
2.79479024e+00
2.80855302e+00
2.82233266e+00
2.83612925e+00
2.84994290e+00
2.86377372e+00
2.87762179e+00
2.89148726e+00
2.90537017e+00
2.91927065e+00
2.93318880e+00
2.94712471e+00
2.96107846e+00
2.97505017e+00
2.98903992e+00
3.00304782e+00
3.01707395e+00
3.03111841e+00
3.04518127e+00
3.05926264e+00
3.07336261e+00
3.08748126e+00
3.10161867e+00
3.11577497e+00
3.12995020e+00
3.14414446e+00
3.15835784e+00
3.17259042e+00
3.18684228e+00
3.20111353e+00
3.21540421e+00
3.22971444e+00
3.24404427e+00
3.25839381e+00
3.27276313e+00
3.28715230e+00
3.30156140e+00
3.31599051e+00
3.33043971e+00
3.34490909e+00
3.35939870e+00
3.37390863e+00
3.38843895e+00
3.40298975e+00
3.41756109e+00
3.43215305e+00
3.44676569e+00
3.46139909e+00
3.47605333e+00
3.49072849e+00
3.50542460e+00
3.52014178e+00
3.53488006e+00
3.54963952e+00
3.56442025e+00
3.57922231e+00
3.59404575e+00
3.60889066e+00
3.62375710e+00
3.63864511e+00
3.65355481e+00
3.66848622e+00
3.68343941e+00
3.69841448e+00
3.71341146e+00
3.72843042e+00
3.74347144e+00
3.75853458e+00
3.77361988e+00
3.78872743e+00
3.80385727e+00
3.81900948e+00
3.83418411e+00
3.84938123e+00
3.86460089e+00
3.87984316e+00
3.89510811e+00
3.91039578e+00
3.92570623e+00
3.94103952e+00
3.95639574e+00
3.97177491e+00
3.98717710e+00
4.00260237e+00
4.01805077e+00
4.03352239e+00
4.04901723e+00
4.06453541e+00
4.08007693e+00
4.09564187e+00
4.11123030e+00
4.12684226e+00
4.14247782e+00
4.15813702e+00
4.17381990e+00
4.18952655e+00
4.20525700e+00
4.22101131e+00
4.23678955e+00
4.25259174e+00
4.26841796e+00
4.28426825e+00
4.30014269e+00
4.31604128e+00
4.33196413e+00
4.34791125e+00
4.36388271e+00
4.37987857e+00
4.39589886e+00
4.41194365e+00
4.42801298e+00
4.44410691e+00
4.46022547e+00
4.47636875e+00
4.49253677e+00
4.50872958e+00
4.52494724e+00
4.54118980e+00
4.55745729e+00
4.57374980e+00
4.59006734e+00
4.60640999e+00
4.62277778e+00
4.63917076e+00
4.65558897e+00
4.67203248e+00
4.68850133e+00
4.70499557e+00
4.72151524e+00
4.73806038e+00
4.75463106e+00
4.77122732e+00
4.78784920e+00
4.80449677e+00
4.82117005e+00
4.83786909e+00
4.85459395e+00
4.87134467e+00
4.88812130e+00
4.90492387e+00
4.92175245e+00
4.93860707e+00
4.95548779e+00
4.97239465e+00
4.98932769e+00
5.00628695e+00
5.02327250e+00
5.04028436e+00
5.05732260e+00
5.07438724e+00
5.09147834e+00
5.10859594e+00
5.12574010e+00
5.14291084e+00
5.16010821e+00
5.17733227e+00
5.19458306e+00
5.21186061e+00
5.22916499e+00
5.24649621e+00
5.26385433e+00
5.28123942e+00
5.29865148e+00
5.31609060e+00
5.33355678e+00
5.35105008e+00
5.36857056e+00
5.38611825e+00
5.40369318e+00
5.42129541e+00
5.43892499e+00
5.45658194e+00
5.47426632e+00
5.49197818e+00
5.50971754e+00
5.52748446e+00
5.54527898e+00
5.56310114e+00
5.58095099e+00
5.59882855e+00
5.61673389e+00
5.63466703e+00
5.65262804e+00
5.67061694e+00
5.68863378e+00
5.70667860e+00
5.72475145e+00
5.74285235e+00
5.76098137e+00
5.77913854e+00
5.79732390e+00
5.81553749e+00
5.83377935e+00
5.85204952e+00
5.87034807e+00
5.88867501e+00
5.90703039e+00
5.92541426e+00
5.94382665e+00
5.96226760e+00
5.98073718e+00
5.99923538e+00
6.01776230e+00
6.03631793e+00
6.05490234e+00
6.07351557e+00
6.09215765e+00
6.11082862e+00
6.12952854e+00
6.14825742e+00
6.16701534e+00
6.18580232e+00
6.20461839e+00
6.22346360e+00
6.24233801e+00
6.26124163e+00
6.28017453e+00
6.29913673e+00
6.31812827e+00
6.33714920e+00
6.35619955e+00
6.37527937e+00
6.39438871e+00
6.41352760e+00
6.43269606e+00
6.45189417e+00
6.47112194e+00
6.49037943e+00
6.50966666e+00
6.52898369e+00
6.54833055e+00
6.56770728e+00
6.58711393e+00
6.60655053e+00
6.62601712e+00
6.64551374e+00
6.66504043e+00
6.68459725e+00
6.70418422e+00
6.72380138e+00
6.74344876e+00
6.76312643e+00
