function cdf = dummy1_cdf

cdf_left = [
9.26517435e-107
1.52564845e-98
1.12153058e-94
5.79887553e-91
2.13842041e-87
5.69981654e-84
1.11229419e-80
1.60887287e-77
1.74545136e-74
1.43653182e-71
9.06747917e-69
4.43584741e-66
1.69887021e-63
5.14326981e-61
1.24236659e-58
2.41583844e-56
3.81431703e-54
4.93028928e-52
5.25859023e-50
4.66344018e-48
3.46379428e-46
2.16994926e-44
1.15430824e-42
5.24778621e-41
2.05167710e-39
6.93921381e-38
2.04205475e-36
5.25738163e-35
1.19045052e-33
2.38285126e-32
4.23685065e-31
6.72331156e-30
9.56467103e-29
1.22512167e-27
1.41877106e-26
1.49141895e-25
1.42857535e-24
1.25146597e-23
1.00619111e-22
7.45006379e-22
5.09649881e-21
3.23128093e-20
1.90446546e-19
1.04645425e-18
5.37551143e-18
2.58837852e-17
1.17126348e-16
4.99305916e-16
2.00996472e-15
7.65779267e-15
2.76730587e-14
9.50510046e-14
3.10938117e-13
9.70613189e-13
2.89652682e-12
8.27828632e-12
2.26974314e-11
5.97996843e-11
1.51632169e-10
3.70605107e-10
8.74360198e-10
1.99404369e-09
4.40176327e-09
9.41728705e-09
1.95510159e-08
3.94342231e-08
7.73630054e-08
1.47783353e-07
2.75173799e-07
4.99939193e-07
8.87110340e-07
1.53884041e-06
2.61188545e-06
4.34143211e-06
7.07276475e-06
1.13023175e-05
1.77296038e-05
2.73213315e-05
4.13886711e-05
6.16781455e-05
9.04759504e-05
1.30724714e-04
1.86150806e-04
2.61399362e-04
3.62173223e-04
4.95371158e-04
6.69219995e-04
8.93394789e-04
1.17912090e-03
1.53925196e-03
1.98831795e-03
2.54253849e-03
3.21979721e-03
4.03957444e-03
5.02283670e-03
6.19188317e-03
7.57015059e-03
9.18197977e-03
1.10523482e-02
1.32065740e-02
1.56699990e-02
1.84676560e-02
2.16239309e-02
2.51622248e-02
2.91046251e-02
3.34715934e-02
3.82816750e-02
4.35512375e-02
4.92942427e-02
5.55220556e-02
6.22432929e-02
6.94637133e-02
7.71861498e-02
8.54104829e-02
9.41336548e-02
1.03349721e-01
1.13049936e-01
1.23222875e-01
1.33854578e-01
1.44928720e-01
1.56426807e-01
1.68328374e-01
1.80611213e-01
1.93251588e-01
2.06224476e-01
2.19503787e-01
2.33062598e-01
2.46873372e-01
2.60908173e-01
2.75138869e-01
2.89537327e-01
3.04075589e-01
3.18726038e-01
3.33461551e-01
3.48255634e-01
3.63082540e-01
3.77917377e-01
3.92736199e-01
4.07516077e-01
4.22235170e-01
4.36872764e-01
4.51409318e-01
4.65826485e-01
4.80107125e-01
4.94235315e-01 
    ];

cdf_right = [
4.91803657e-01
4.78023305e-01
4.64435961e-01
4.51052800e-01
4.37883869e-01
4.24938124e-01
4.12223463e-01
3.99746773e-01
3.87513967e-01
3.75530034e-01
3.63799082e-01
3.52324389e-01
3.41108446e-01
3.30153007e-01
3.19459139e-01
3.09027261e-01
2.98857199e-01
2.88948222e-01
2.79299091e-01
2.69908101e-01
2.60773115e-01
2.51891612e-01
2.43260716e-01
2.34877237e-01
2.26737699e-01
2.18838376e-01
2.11175323e-01
2.03744398e-01
1.96541296e-01
1.89561566e-01
1.82800642e-01
1.76253859e-01
1.69916474e-01
1.63783686e-01
1.57850651e-01
1.52112500e-01
1.46564351e-01
1.41201325e-01
1.36018554e-01
1.31011196e-01
1.26174440e-01
1.21503520e-01
1.16993721e-01
1.12640384e-01
1.08438914e-01
1.04384786e-01
1.00473548e-01
9.67008282e-02
9.30623343e-02
8.95538601e-02
8.61712863e-02
8.29105829e-02
7.97678104e-02
7.67391217e-02
7.38207624e-02
7.10090713e-02
6.83004809e-02
6.56915169e-02
6.31787985e-02
6.07590373e-02
5.84290367e-02
5.61856915e-02
5.40259861e-02
5.19469939e-02
4.99458755e-02
4.80198780e-02
4.61663326e-02
4.43826540e-02
4.26663378e-02
4.10149597e-02
3.94261731e-02
3.78977077e-02
3.64273676e-02
3.50130296e-02
3.36526411e-02
3.23442185e-02
3.10858456e-02
2.98756712e-02
2.87119078e-02
2.75928298e-02
2.65167712e-02
2.54821244e-02
2.44873385e-02
2.35309170e-02
2.26114168e-02
2.17274461e-02
2.08776632e-02
2.00607742e-02
1.92755325e-02
1.85207363e-02
1.77952278e-02
1.70978912e-02
1.64276518e-02
1.57834745e-02
1.51643621e-02
1.45693544e-02
1.39975269e-02
1.34479895e-02
1.29198850e-02
1.24123886e-02
1.19247061e-02
1.14560733e-02
1.10057547e-02
1.05730426e-02
1.01572559e-02
9.75773926e-03
9.37386239e-03
9.00501875e-03
8.65062496e-03
8.31011984e-03
7.98296362e-03
7.66863716e-03
7.36664119e-03
7.07649557e-03
6.79773858e-03
6.52992623e-03
6.27263160e-03
6.02544422e-03
5.78796944e-03
5.55982781e-03
5.34065455e-03
5.13009900e-03
4.92782402e-03
4.73350558e-03
4.54683215e-03
4.36750433e-03
4.19523432e-03
4.02974549e-03
3.87077198e-03
3.71805827e-03
3.57135877e-03
3.43043747e-03
3.29506754e-03
3.16503102e-03
3.04011843e-03
2.92012847e-03
2.80486771e-03
2.69415028e-03
2.58779755e-03
2.48563791e-03
2.38750645e-03
2.29324470e-03
2.20270041e-03
2.11572730e-03
2.03218480e-03
1.95193786e-03
1.87485674e-03
1.80081678e-03
1.72969819e-03
1.66138590e-03
1.59576937e-03
1.53274238e-03
1.47220288e-03
1.41405286e-03
1.35819811e-03
1.30454817e-03
1.25301612e-03
1.20351846e-03
1.15597496e-03
1.11030856e-03
1.06644523e-03
1.02431386e-03
9.83846129e-04
9.44976405e-04
9.07641645e-04
8.71781289e-04
8.37337159e-04
8.04253370e-04
7.72476241e-04
7.41954202e-04
7.12637719e-04
6.84479207e-04
6.57432958e-04
6.31455067e-04
6.06503358e-04
5.82537319e-04
5.59518035e-04
5.37408126e-04
5.16171687e-04
4.95774228e-04
4.76182618e-04
4.57365038e-04
4.39290919e-04
4.21930901e-04
4.05256781e-04
3.89241472e-04
3.73858951e-04
3.59084227e-04
3.44893292e-04
3.31263087e-04
3.18171463e-04
3.05597145e-04
2.93519698e-04
2.81919494e-04
2.70777680e-04
2.60076148e-04
2.49797503e-04
2.39925039e-04
2.30442707e-04
2.21335096e-04
2.12587400e-04
2.04185398e-04
1.96115432e-04
1.88364384e-04
1.80919651e-04
1.73769132e-04
1.66901200e-04
1.60304690e-04
1.53968876e-04
1.47883458e-04
1.42038541e-04
1.36424622e-04
1.31032572e-04
1.25853625e-04
1.20879358e-04
1.16101684e-04
1.11512833e-04
1.07105345e-04
1.02872051e-04
9.88060685e-05
9.49007847e-05
9.11498492e-05
8.75471622e-05
8.40868649e-05
8.07633303e-05
7.75711533e-05
7.45051426e-05
7.15603121e-05
6.87318726e-05
6.60152242e-05
6.34059488e-05
6.08998028e-05
5.84927103e-05
5.61807566e-05
5.39601815e-05
5.18273736e-05
4.97788641e-05
4.78113213e-05
4.59215452e-05
4.41064621e-05
4.23631200e-05
4.06886835e-05
3.90804291e-05
3.75357411e-05
3.60521072e-05
3.46271142e-05
3.32584444e-05
3.19438718e-05
3.06812582e-05
2.94685498e-05
2.83037744e-05
2.71850373e-05
2.61105189e-05
2.50784715e-05
2.40872164e-05
2.31351414e-05
2.22206978e-05
2.13423982e-05
2.04988142e-05
1.96885735e-05
1.89103582e-05
1.81629026e-05
1.74449909e-05
1.67554553e-05
1.60931742e-05
1.54570705e-05
1.48461094e-05
1.42592972e-05
1.36956793e-05
1.31543391e-05
1.26343959e-05
1.21350041e-05
1.16553513e-05
1.11946573e-05
1.07521728e-05
1.03271780e-05
9.91898170e-06
9.52691982e-06
9.15035468e-06
8.78867375e-06
8.44128872e-06
8.10763453e-06
7.78716845e-06
7.47936922e-06
7.18373615e-06
6.89978838e-06
6.62706403e-06
6.36511947e-06
6.11352863e-06
5.87188227e-06
5.63978731e-06
5.41686623e-06
5.20275641e-06
4.99710959e-06
4.79959126e-06
4.60988011e-06
4.42766757e-06
4.25265725e-06
4.08456446e-06
3.92311578e-06
3.76804859e-06
3.61911067e-06
3.47605973e-06
3.33866310e-06
3.20669727e-06
3.07994759e-06
2.95820787e-06
2.84128010e-06
2.72897408e-06
2.62110712e-06
2.51750377e-06
2.41799549e-06
2.32242043e-06
2.23062313e-06
2.14245425e-06
2.05777037e-06
1.97643376e-06
1.89831211e-06
1.82327833e-06
1.75121038e-06
1.68199102e-06
1.61550767e-06
1.55165217e-06
1.49032067e-06
1.43141338e-06
1.37483450e-06
1.32049198e-06
1.26829744e-06
1.21816597e-06
1.17001603e-06
1.12376928e-06
1.07935052e-06
1.03668747e-06
9.95710745e-07
9.56353692e-07
9.18552288e-07
8.82245044e-07
8.47372901e-07
8.13879135e-07
7.81709263e-07
7.50810955e-07
7.21133953e-07
6.92629981e-07
6.65252673e-07
6.38957497e-07
6.13701680e-07
5.89444139e-07
5.66145416e-07
5.43767611e-07
5.22274326e-07
5.01630596e-07
4.81802843e-07
4.62758813e-07
4.44467529e-07
4.26899238e-07
4.10025360e-07
3.93818450e-07
3.78252144e-07
3.63301121e-07
3.48941061e-07
3.35148605e-07
3.21901319e-07
3.09177652e-07
2.96956909e-07
2.85219210e-07
2.73945462e-07
2.63117328e-07
2.52717193e-07
2.42728139e-07
2.33133920e-07
2.23918927e-07
2.15068171e-07
2.06567256e-07
1.98402353e-07
1.90560181e-07
1.83027983e-07
1.75793508e-07
1.68844986e-07
1.62171117e-07
1.55761042e-07
1.49604336e-07
1.43690984e-07
1.38011367e-07
1.32556246e-07
