function pdf = dummy1_pdf

pdf = [
2.64071669e-101
1.99644031e-93
1.46761781e-89
7.58832009e-86
1.76970437e-82
4.71361232e-79
7.21360803e-76
9.59061613e-73
8.46807131e-70
6.63523763e-67
3.40660745e-64
1.41806513e-61
4.75154020e-59
1.25292003e-56
2.63247756e-54
4.51796042e-52
6.27503276e-50
6.97864754e-48
6.47083022e-46
5.02874554e-44
3.26870901e-42
1.80187116e-40
8.41692259e-39
3.38512194e-37
1.16515145e-35
3.46793850e-34
9.05482931e-33
2.06447575e-31
4.15639457e-30
7.38977057e-29
1.17138603e-27
1.66078965e-26
2.11300014e-25
2.42553047e-24
2.52278792e-23
2.38444245e-22
2.05599296e-21
1.62466611e-20
1.18032037e-19
7.90708066e-19
4.90101065e-18
2.81984046e-17
1.51053828e-16
7.55287506e-16
3.53583999e-15
1.55364966e-14
6.42423772e-14
2.50555592e-13
9.23984854e-13
3.22883441e-12
1.07152094e-11
3.38395003e-11
1.01893672e-10
2.93106841e-10
8.06957052e-10
2.12998149e-09
5.39923899e-09
1.31651377e-08
3.09265995e-08
7.00972275e-08
1.53512241e-07
3.25290000e-07
6.67793069e-07
1.32989455e-06
2.57230846e-06
4.83795761e-06
8.85789462e-06
1.58046908e-05
2.75095756e-05
4.67578346e-05
7.76801678e-05
1.26254849e-04
2.00933000e-04
3.13390203e-04
4.79403836e-04
7.19843085e-04
1.06173984e-03
1.53940874e-03
2.19554747e-03
3.08227716e-03
4.26203449e-03
5.80820171e-03
7.80549113e-03
1.03499017e-02
1.35482116e-02
1.75171430e-02
2.23818121e-02
2.82737888e-02
3.53287772e-02
4.36836902e-02
5.34735372e-02
6.48280482e-02
7.78681773e-02
9.27024925e-02
1.09424059e-01
1.28106924e-01
1.48803897e-01
1.71543662e-01
1.96329599e-01
2.23138167e-01
2.51918578e-01
2.82593000e-01
3.15056809e-01
3.49180638e-01
3.84811464e-01
4.21775485e-01
4.59880201e-01
4.98918208e-01
5.38669654e-01
5.78905704e-01
6.19392371e-01
6.59893297e-01
7.00173059e-01
7.40000501e-01
7.79151031e-01
8.17409935e-01
8.54573581e-01
8.90452108e-01
9.24870963e-01
9.57671448e-01
9.88712673e-01
1.01787133e+00
1.04504236e+00
1.07013907e+00
1.09309270e+00
1.11385212e+00
1.13238324e+00
1.14866798e+00
1.16270393e+00
1.17450265e+00
1.18408896e+00
1.19149978e+00
1.19678290e+00
1.19999581e+00
1.20120422e+00
1.20048151e+00
1.19790705e+00
1.19356533e+00
1.18754489e+00
1.17993744e+00
1.17083685e+00
1.16033835e+00
1.14853765e+00
1.13553062e+00
1.12141208e+00
1.10627585e+00
1.09021383e+00
1.07331570e+00
1.05566871e+00
1.03735718e+00
1.01846231e+00
9.99062023e-01
9.79230766e-01
9.59039413e-01
9.38555190e-01
9.17841625e-01
8.96958530e-01
8.75962077e-01
8.54904772e-01
8.33835513e-01
8.12799705e-01
7.91839364e-01
7.70993145e-01
7.50296546e-01
7.29781974e-01
7.09478875e-01
6.89413909e-01
6.69611015e-01
6.50091624e-01
6.30874722e-01
6.11977047e-01
5.93413181e-01
5.75195694e-01
5.57335292e-01
5.39840895e-01
5.22719819e-01
5.05977844e-01
4.89619340e-01
4.73647394e-01
4.58063886e-01
4.42869597e-01
4.28064316e-01
4.13646908e-01
3.99615401e-01
3.85967083e-01
3.72698555e-01
3.59805812e-01
3.47284301e-01
3.35128990e-01
3.23334424e-01
3.11894770e-01
3.00803877e-01
2.90055311e-01
2.79642407e-01
2.69558304e-01
2.59795980e-01
2.50348287e-01
2.41207979e-01
2.32367743e-01
2.23820221e-01
2.15558037e-01
2.07573813e-01
1.99860192e-01
1.92409853e-01
1.85215529e-01
1.78270015e-01
1.71566187e-01
1.65097007e-01
1.58855537e-01
1.52834944e-01
1.47028512e-01
1.41429640e-01
1.36031856e-01
1.30828815e-01
1.25814307e-01
1.20982257e-01
1.16326728e-01
1.11841926e-01
1.07522193e-01
1.03362018e-01
9.93560279e-02
9.54989943e-02
9.17858284e-02
8.82115819e-02
8.47714460e-02
8.14607494e-02
7.82749568e-02
7.52096670e-02
7.22606114e-02
6.94236508e-02
6.66947741e-02
6.40700955e-02
6.15458516e-02
5.91183997e-02
5.67842144e-02
5.45398853e-02
5.23821141e-02
5.03077120e-02
4.83135970e-02
4.63967908e-02
4.45544165e-02
4.27836957e-02
4.10819456e-02
3.94465763e-02
3.78750886e-02
3.63650708e-02
3.49141962e-02
3.35202210e-02
3.21809810e-02
3.08943898e-02
2.96584362e-02
2.84711815e-02
2.73307575e-02
2.62353641e-02
2.51832673e-02
2.41727965e-02
2.32023430e-02
2.22703573e-02
2.13753478e-02
2.05158782e-02
1.96905660e-02
1.88980804e-02
1.81371408e-02
1.74065145e-02
1.67050156e-02
1.60315033e-02
1.53848798e-02
1.47640891e-02
1.41681156e-02
1.35959826e-02
1.30467505e-02
1.25195160e-02
1.20134106e-02
1.15275989e-02
1.10612782e-02
1.06136765e-02
1.01840519e-02
9.77169106e-03
9.37590854e-03
8.99604552e-03
8.63146882e-03
8.28157001e-03
7.94576440e-03
7.62349018e-03
7.31420760e-03
7.01739800e-03
6.73256315e-03
6.45922439e-03
6.19692189e-03
5.94521397e-03
5.70367634e-03
5.47190148e-03
5.24949797e-03
5.03608989e-03
4.83131619e-03
4.63483015e-03
4.44629878e-03
4.26540233e-03
4.09183374e-03
3.92529819e-03
3.76551255e-03
3.61220501e-03
3.46511457e-03
3.32399064e-03
3.18859265e-03
3.05868962e-03
2.93405980e-03
2.81449033e-03
2.69977685e-03
2.58972317e-03
2.48414100e-03
2.38284957e-03
2.28567535e-03
2.19245180e-03
2.10301906e-03
2.01722367e-03
1.93491836e-03
1.85596179e-03
1.78021827e-03
1.70755761e-03
1.63785483e-03
1.57099001e-03
1.50684805e-03
1.44531849e-03
1.38629532e-03
1.32967682e-03
1.27536536e-03
1.22326728e-03
1.17329267e-03
1.12535527e-03
1.07937230e-03
1.03526433e-03
9.92955148e-04
9.52371616e-04
9.13443562e-04
8.76103651e-04
8.40287277e-04
8.05932451e-04
7.72979692e-04
7.41371936e-04
7.11054427e-04
6.81974630e-04
6.54082144e-04
6.27328610e-04
6.01667632e-04
5.77054697e-04
5.53447100e-04
5.30803868e-04
5.09085696e-04
4.88254872e-04
4.68275217e-04
4.49112027e-04
4.30732001e-04
4.13103198e-04
3.96194975e-04
3.79977932e-04
3.64423869e-04
3.49505731e-04
3.35197566e-04
3.21474476e-04
3.08312578e-04
2.95688961e-04
2.83581649e-04
2.71969557e-04
2.60832463e-04
2.50150966e-04
2.39906457e-04
2.30081085e-04
2.20657727e-04
2.11619958e-04
2.02952022e-04
1.94638805e-04
1.86665812e-04
1.79019136e-04
1.71685439e-04
1.64651928e-04
1.57906330e-04
1.51436873e-04
1.45232267e-04
1.39281682e-04
1.33574731e-04
1.28101448e-04
1.22852277e-04
1.17818051e-04
1.12989978e-04
1.08359625e-04
1.03918902e-04
9.96600505e-05
9.55756301e-05
9.16585029e-05
8.79018231e-05
8.42990244e-05
8.08438095e-05
7.75301378e-05
7.43522159e-05
7.13044873e-05
6.83816226e-05
6.55785102e-05
6.28902475e-05
6.03121326e-05
5.78396555e-05
5.54684912e-05
5.31944909e-05
5.10136761e-05
4.89222306e-05
4.69164947e-05
4.49929581e-05
4.31482544e-05
4.13791546e-05
3.96825621e-05
3.80555070e-05
3.64951408e-05
3.49987316e-05
3.35636594e-05
3.21874115e-05
3.08675779e-05
2.96018472e-05
2.83880028e-05
2.72239188e-05
2.61075562e-05
2.50369597e-05
2.40102540e-05
2.30256404e-05
2.20813940e-05
2.11758606e-05
2.03074537e-05
1.94746517e-05
1.86759953e-05
1.79100852e-05
1.71755791e-05
1.64711899e-05
1.57956832e-05
1.51478750e-05
1.45266301e-05
1.39308595e-05
1.33595190e-05
1.28116072e-05
1.22861635e-05
1.17822669e-05
1.12990341e-05
1.08356180e-05
1.03912060e-05
9.96501909e-06
9.55631001e-06
9.16436219e-06
8.78848839e-06
8.42802958e-06
8.08235369e-06
7.75085459e-06
7.43295099e-06
7.12808541e-06
6.83572324e-06
6.55535176e-06
6.28647928e-06
6.02863429e-06
5.78136456e-06
5.54423643e-06
5.31683401e-06
5.09875847e-06
4.88962732e-06
4.68907374e-06
4.49674598e-06
4.31230669e-06
4.13543234e-06
3.96581270e-06
3.80315022e-06
3.64715959e-06
3.49756717e-06
3.35411055e-06
3.21653807e-06
3.08460842e-06
2.95809014e-06
2.83676130e-06
2.72040905e-06
2.60882928e-06
2.50182623e-06
2.39921220e-06
2.30080716e-06
2.20643847e-06
2.11594058e-06
2.02915472e-06
1.94592863e-06
1.86611630e-06
1.78957770e-06
1.71617856e-06
1.64579011e-06
1.57828884e-06
1.51355633e-06
1.45147902e-06
1.39194799e-06
1.33485879e-06
1.28011126e-06
1.22760935e-06
1.17726096e-06
1.12897773e-06
1.08267497e-06
1.03827143e-06
9.95689203e-07
9.54853590e-07
9.15692941e-07
8.78138550e-07
8.42124527e-07
8.07587691e-07
7.74467444e-07
7.42705681e-07
7.12246675e-07
6.83036989e-07
6.55025375e-07
6.28162690e-07
6.02401804e-07
5.77697522e-07
5.54006503e-07
5.31287182e-07
5.09499702e-07
4.88605839e-07
4.68568937e-07
4.49353844e-07
4.30926850e-07
4.13255629e-07
3.96309178e-07
3.80057769e-07
3.64472891e-07
3.49527204e-07
3.35194491e-07
3.21449606e-07
3.08268439e-07
2.95627867e-07
2.83505715e-07
2.71880719e-07
2.60732486e-07
