function pdf = snow_pdf

pdf = [
7.46544767e-31
1.36025649e-29
2.21244549e-28
3.22779799e-27
4.24244536e-26
5.04697053e-25
5.45636261e-24
5.38289023e-23
4.86531328e-22
5.22408399e-21
1.04466209e-19
8.50661584e-19
5.38815697e-18
3.06600684e-17
1.60525867e-16
7.89271808e-16
3.64598512e-15
1.57044037e-14
6.39263462e-14
2.45965591e-13
8.93431977e-13
3.08088438e-12
1.01068904e-11
3.15914074e-11
9.42583682e-11
2.68540405e-10
7.32758609e-10
1.91897291e-09
4.83060580e-09
1.17062282e-08
2.73501399e-08
6.16963845e-08
1.34565643e-07
2.84176016e-07
5.81853644e-07
1.15664552e-06
2.23131963e-06
4.18536771e-06
7.64666492e-06
1.36241501e-05
2.37018608e-05
4.03122160e-05
6.69416156e-05
1.08636123e-04
1.72818014e-04
2.69819612e-04
4.13154874e-04
6.19396931e-04
9.13564065e-04
1.32728151e-03
1.89061839e-03
2.65165314e-03
3.67156397e-03
4.99907272e-03
6.70687086e-03
8.90183500e-03
1.16293511e-02
1.50050944e-02
1.91904902e-02
2.41387134e-02
3.00998156e-02
3.71708176e-02
4.52811215e-02
5.48042168e-02
6.55163674e-02
7.76583904e-02
9.14189878e-02
1.06304728e-01
1.23035592e-01
1.40928444e-01
1.60352368e-01
1.81376339e-01
2.03186396e-01
2.26825071e-01
2.50872749e-01
2.76225447e-01
3.02455879e-01
3.28869253e-01
3.56603586e-01
3.83507657e-01
4.11265727e-01
4.38792565e-01
4.65831275e-01
4.93358424e-01
5.18975702e-01
5.44828733e-01
5.69465120e-01
5.93005740e-01
6.16209823e-01
6.36959495e-01
6.57301553e-01
6.75900607e-01
6.92947123e-01
7.09246119e-01
7.22813515e-01
7.35604648e-01
7.46636864e-01
7.55858288e-01
7.64175400e-01
7.70062361e-01
7.74923433e-01
7.78379983e-01
7.79967733e-01
7.80701498e-01
7.79647809e-01
7.77453902e-01
7.74383677e-01
7.69550629e-01
7.64062175e-01
7.57485521e-01
7.49798974e-01
7.41574357e-01
7.32202421e-01
7.22228102e-01
7.11786602e-01
7.00361839e-01
6.88658510e-01
6.76457623e-01
6.63706709e-01
6.50796008e-01
6.37421325e-01
6.23820720e-01
6.10168040e-01
5.96121902e-01
5.82085594e-01
5.68029660e-01
5.53789132e-01
5.39663674e-01
5.25545269e-01
5.11433896e-01
4.97499006e-01
4.83607948e-01
4.69857942e-01
4.56330830e-01
4.42886326e-01
4.29672579e-01
4.16708224e-01
4.03874837e-01
3.91322118e-01
3.79020289e-01
3.66918376e-01
3.55109012e-01
3.43551888e-01
3.32237168e-01
3.21218566e-01
3.10451757e-01
2.99950298e-01
2.89741929e-01
2.79782389e-01
2.70096991e-01
2.60696605e-01
2.51539445e-01
2.42655206e-01
2.34044204e-01
2.25668403e-01
2.17557439e-01
2.09703586e-01
2.02078474e-01
1.94703823e-01
1.87568580e-01
1.80653979e-01
1.73972763e-01
1.67513481e-01
1.61263460e-01
1.55229384e-01
1.49400132e-01
1.43766814e-01
1.38332102e-01
1.33085617e-01
1.28020760e-01
1.23137622e-01
1.18426760e-01
1.13882934e-01
1.09504635e-01
1.05283419e-01
1.01214846e-01
9.72964648e-02
9.35208217e-02
8.98839430e-02
8.63828866e-02
8.30111217e-02
7.97649692e-02
7.66412839e-02
7.36343733e-02
7.07407698e-02
6.79573087e-02
6.52790421e-02
6.27026835e-02
6.02251610e-02
5.78421772e-02
5.55506249e-02
5.33475887e-02
5.12293337e-02
4.91929421e-02
4.72356873e-02
4.53543169e-02
4.35461166e-02
4.18085603e-02
4.01388073e-02
3.85343587e-02
3.69928885e-02
3.55119066e-02
3.40891371e-02
3.27224459e-02
3.14096413e-02
3.01486731e-02
2.89375873e-02
2.77744461e-02
2.66574227e-02
2.55847297e-02
2.45546460e-02
2.35655615e-02
2.26158415e-02
2.17039502e-02
2.08284845e-02
1.99879487e-02
1.91809673e-02
1.84063286e-02
1.76626661e-02
1.69487553e-02
1.62635221e-02
1.56057569e-02
1.49743572e-02
1.43683647e-02
1.37867229e-02
1.32284344e-02
1.26926391e-02
1.21784261e-02
1.16848897e-02
1.12112536e-02
1.07567425e-02
1.03205311e-02
9.90191565e-03
9.50024504e-03
9.11476523e-03
8.74483536e-03
8.38991691e-03
8.04931912e-03
7.72246890e-03
7.40889125e-03
7.10798918e-03
6.81924288e-03
6.54221690e-03
6.27641477e-03
6.02135854e-03
5.77664762e-03
5.54187489e-03
5.31659982e-03
5.10045296e-03
4.89310580e-03
4.69415160e-03
4.50325285e-03
4.32013792e-03
4.14444250e-03
3.97586425e-03
3.81415012e-03
3.65900463e-03
3.51014648e-03
3.36733969e-03
3.23034845e-03
3.09891083e-03
2.97280662e-03
2.85185142e-03
2.73580123e-03
2.62445822e-03
2.51765893e-03
2.41519907e-03
2.31689618e-03
2.22259626e-03
2.13213848e-03
2.04535151e-03
1.96209039e-03
1.88223131e-03
1.80561350e-03
1.73210604e-03
1.66160040e-03
1.59396195e-03
1.52906969e-03
1.46682058e-03
1.40711044e-03
1.34982488e-03
1.29486625e-03
1.24215611e-03
1.19158647e-03
1.14307079e-03
1.09653505e-03
1.05189467e-03
1.00906753e-03
9.67982986e-04
9.28577159e-04
8.90772010e-04
8.54502772e-04
8.19715653e-04
7.86343934e-04
7.54328034e-04
7.23616284e-04
6.94158315e-04
6.65897164e-04
6.38784385e-04
6.12780377e-04
5.87833769e-04
5.63900838e-04
5.40943336e-04
5.18922629e-04
4.97796686e-04
4.77529275e-04
4.58090862e-04
4.39442740e-04
4.21552427e-04
4.04391283e-04
3.87930390e-04
3.72138394e-04
3.56988201e-04
3.42457507e-04
3.28517728e-04
3.15144445e-04
3.02315973e-04
2.90011163e-04
2.78206377e-04
2.66881356e-04
2.56019062e-04
2.45598799e-04
2.35602002e-04
2.26012085e-04
2.16813945e-04
2.07989580e-04
1.99523843e-04
1.91403587e-04
1.83614131e-04
1.76141219e-04
1.68972050e-04
1.62096112e-04
1.55499573e-04
1.49171110e-04
1.43100486e-04
1.37277526e-04
1.31691184e-04
1.26331870e-04
1.21191386e-04
1.16260121e-04
1.11529244e-04
1.06990728e-04
1.02637707e-04
9.84615603e-05
9.44551181e-05
9.06118968e-05
8.69254191e-05
8.33887333e-05
7.99957675e-05
7.67412722e-05
7.36192509e-05
7.06240863e-05
6.77506359e-05
6.49946388e-05
6.23506249e-05
5.98140446e-05
5.73806924e-05
5.50466504e-05
5.28074373e-05
5.06592091e-05
4.85985241e-05
4.66218088e-05
4.47254040e-05
4.29060539e-05
4.11609343e-05
3.94868259e-05
3.78807326e-05
3.63398970e-05
3.48619946e-05
3.34441548e-05
3.20839175e-05
3.07789825e-05
2.95273251e-05
2.83265133e-05
2.71744858e-05
2.60693363e-05
2.50092600e-05
2.39922458e-05
2.30165480e-05
2.20805820e-05
2.11827542e-05
2.03213968e-05
1.94950311e-05
1.87023365e-05
1.79419169e-05
1.72123852e-05
1.65124891e-05
1.58411242e-05
1.51970767e-05
1.45791894e-05
1.39864014e-05
1.34177868e-05
1.28722967e-05
1.23489628e-05
1.18468866e-05
1.13652893e-05
1.09032699e-05
1.04600156e-05
1.00347656e-05
9.62686280e-06
9.23553747e-06
8.86010539e-06
8.49992214e-06
8.15443189e-06
7.82298032e-06
7.50498976e-06
7.19991439e-06
6.90728270e-06
6.62654123e-06
6.35720084e-06
6.09879924e-06
5.85093536e-06
5.61314326e-06
5.38500763e-06
5.16613692e-06
4.95618908e-06
4.75477372e-06
4.56153724e-06
4.37614801e-06
4.19831364e-06
4.02770851e-06
3.86403084e-06
3.70699974e-06
3.55636466e-06
3.41185535e-06
3.27321360e-06
3.14020148e-06
3.01260389e-06
2.89019758e-06
2.77276112e-06
2.66009303e-06
2.55200818e-06
2.44832317e-06
2.34884770e-06
2.25341109e-06
2.16185380e-06
2.07402594e-06
1.98976365e-06
1.90892237e-06
1.83136433e-06
1.75696778e-06
1.68559138e-06
1.61711268e-06
1.55141418e-06
1.48839269e-06
1.42793103e-06
1.36992382e-06
1.31427154e-06
1.26088454e-06
1.20966807e-06
1.16053063e-06
1.11338794e-06
1.06816196e-06
1.02477661e-06
9.83152303e-07
9.43217651e-07
9.04904680e-07
8.68152718e-07
8.32892466e-07
7.99063450e-07
7.66607638e-07
7.35473344e-07
7.05603859e-07
6.76946725e-07
6.49452791e-07
6.23076780e-07
5.97773670e-07
5.73497511e-07
5.50206670e-07
5.27861466e-07
5.06426447e-07
4.85861340e-07
4.66130877e-07
4.47201220e-07
4.29041869e-07
4.11620361e-07
3.94905873e-07
3.78869739e-07
3.63485102e-07
3.48726536e-07
3.34566883e-07
3.20981863e-07
3.07948179e-07
2.95445054e-07
2.83449626e-07
2.71940972e-07
2.60899358e-07
2.50306411e-07
2.40144334e-07
2.30394609e-07
2.21040521e-07
2.12066028e-07
2.03456824e-07
1.95197135e-07
1.87272597e-07
1.79669623e-07
1.72375516e-07
1.65378087e-07
1.58664573e-07
1.52223464e-07
1.46043719e-07
1.40115386e-07
1.34427783e-07
1.28970945e-07
1.23735517e-07
1.18712641e-07
1.13894141e-07
1.09271130e-07
1.04835685e-07
1.00580202e-07
9.64976969e-08
9.25810716e-08
8.88233426e-08
8.52180685e-08
8.17590691e-08
7.84408209e-08
7.52572320e-08
7.22027968e-08
6.92722794e-08
6.64607372e-08
6.37635466e-08
6.11757700e-08
5.86929724e-08
5.63108984e-08
5.40256158e-08
5.18331858e-08
4.97296910e-08
4.77115267e-08
4.57752337e-08
4.39176745e-08
4.21355233e-08
