function x_grid = snow_x_grid

x_grid = [
-5.24980000e+00
-4.69804370e+00
-4.19295341e+00
-3.73224668e+00
-3.31135621e+00
-2.92927252e+00
-2.58191509e+00
-2.26680101e+00
-1.98156676e+00
-1.73336955e+00
-1.62543290e+00
-1.57147059e+00
-1.52177300e+00
-1.47493969e+00
-1.42906142e+00
-1.38611577e+00
-1.33923600e+00
-1.30040114e+00
-1.25925918e+00
-1.21582336e+00
-1.17867018e+00
-1.14154747e+00
-1.10392628e+00
-1.06611350e+00
-1.02845970e+00
-9.93957238e-01
-9.60630491e-01
-9.27684747e-01
-8.95213052e-01
-8.63275172e-01
-8.31895880e-01
-8.01067288e-01
-7.70754222e-01
-7.40901399e-01
-7.11441201e-01
-6.82301030e-01
-6.55361544e-01
-6.29248868e-01
-6.03183010e-01
-5.77061416e-01
-5.50811306e-01
-5.24386818e-01
-5.00016295e-01
-4.76821726e-01
-4.52933001e-01
-4.28415177e-01
-4.04850890e-01
-3.83355286e-01
-3.60764099e-01
-3.37264563e-01
-3.16562895e-01
-2.95432740e-01
-2.73127913e-01
-2.52699341e-01
-2.32470878e-01
-2.10939130e-01
-1.91375571e-01
-1.71558861e-01
-1.50447831e-01
-1.31981394e-01
-1.12238789e-01
-9.23926957e-02
-7.39196288e-02
-5.40753229e-02
-3.55924071e-02
-1.67206307e-02
2.67497666e-03
2.06979195e-02
3.99373888e-02
5.81519535e-02
7.67413550e-02
9.56293241e-02
1.13674452e-01
1.32681807e-01
1.50732055e-01
1.69314561e-01
1.87912365e-01
2.06150417e-01
2.25096136e-01
2.43182217e-01
2.61856051e-01
2.80400815e-01
2.98862996e-01
3.17794770e-01
3.36100534e-01
3.54894387e-01
3.73549952e-01
3.92226318e-01
4.11190733e-01
4.29791620e-01
4.48716329e-01
4.67564626e-01
4.86442770e-01
5.05519117e-01
5.24383235e-01
5.43449001e-01
5.62508420e-01
5.81582981e-01
6.00771717e-01
6.19898365e-01
6.39117886e-01
6.58365009e-01
6.77637195e-01
6.96954084e-01
7.16298836e-01
7.35686269e-01
7.55073861e-01
7.74548807e-01
7.94016078e-01
8.13513003e-01
8.33082365e-01
8.52603511e-01
8.72236842e-01
8.91873919e-01
9.11453874e-01
9.31217909e-01
9.50902919e-01
9.70610940e-01
9.90434158e-01
1.01015254e+00
1.03000046e+00
1.04986761e+00
1.06960876e+00
1.08960362e+00
1.10950337e+00
1.12934109e+00
1.14940492e+00
1.16932898e+00
1.18929532e+00
1.20939146e+00
1.22933392e+00
1.24943051e+00
1.26955246e+00
1.28950922e+00
1.30973570e+00
1.32987880e+00
1.34987030e+00
1.37020170e+00
1.39036279e+00
1.41046585e+00
1.43082084e+00
1.45099790e+00
1.47121051e+00
1.49158665e+00
1.51177862e+00
1.53209788e+00
1.55249370e+00
1.57270026e+00
1.59312263e+00
1.61353744e+00
1.63375886e+00
1.65428034e+00
1.67471405e+00
1.69495110e+00
1.71556731e+00
1.73602036e+00
1.75631303e+00
1.77698048e+00
1.79745372e+00
1.81782665e+00
1.83851735e+00
1.85901193e+00
1.87946097e+00
1.90017583e+00
1.92069319e+00
1.94121401e+00
1.96195422e+00
1.98249602e+00
2.00308415e+00
2.02385115e+00
2.04441920e+00
2.06507008e+00
2.08586547e+00
2.10646172e+00
2.12717073e+00
2.14799628e+00
2.16862278e+00
2.18938525e+00
2.21024280e+00
2.23090169e+00
2.25171290e+00
2.27260443e+00
2.29329787e+00
2.31415311e+00
2.33508061e+00
2.35581084e+00
2.37670535e+00
2.39767090e+00
2.41844015e+00
2.43936919e+00
2.46037488e+00
2.48118539e+00
2.50214422e+00
2.52319214e+00
2.54404616e+00
2.56503004e+00
2.58612231e+00
2.60702206e+00
2.62802626e+00
2.64916497e+00
2.67011267e+00
2.69113247e+00
2.71231970e+00
2.73331753e+00
2.75434823e+00
2.77558605e+00
2.79663615e+00
2.81767306e+00
2.83896350e+00
2.86006798e+00
2.88110645e+00
2.90245151e+00
2.92361242e+00
2.94464782e+00
2.96604945e+00
2.98726881e+00
3.00830294e+00
3.02975664e+00
3.05103642e+00
3.07213299e+00
3.09357235e+00
3.11491446e+00
3.13607541e+00
3.15749575e+00
3.17890206e+00
3.20012929e+00
3.22152597e+00
3.24299827e+00
3.26429362e+00
3.28566205e+00
3.30720209e+00
3.32856732e+00
3.34990296e+00
3.37151242e+00
3.39294925e+00
3.41424761e+00
3.43592811e+00
3.45743818e+00
3.47877534e+00
3.50044794e+00
3.52203283e+00
3.54344708e+00
3.56507060e+00
3.58673184e+00
3.60822470e+00
3.62979473e+00
3.65153376e+00
3.67310671e+00
3.69461890e+00
3.71643712e+00
3.73809155e+00
3.75957994e+00
3.78144035e+00
3.80317759e+00
3.82475115e+00
3.84654184e+00
3.86836317e+00
3.89002315e+00
3.91173992e+00
3.93364653e+00
3.95539415e+00
3.97703285e+00
3.99902589e+00
4.02086229e+00
4.04253998e+00
4.06449942e+00
4.08642566e+00
4.10819559e+00
4.13006521e+00
4.15208232e+00
4.17394549e+00
4.19572134e+00
4.21783026e+00
4.23978761e+00
4.26159148e+00
4.28366746e+00
4.30571988e+00
4.32762121e+00
4.34959184e+00
4.37174014e+00
4.39373975e+00
4.41560130e+00
4.43784624e+00
4.45994488e+00
4.48189541e+00
4.50403598e+00
4.52623433e+00
4.54828698e+00
4.57030714e+00
4.59260582e+00
4.61476121e+00
4.63677157e+00
4.65905707e+00
4.68131574e+00
4.70343180e+00
4.72558573e+00
4.74794818e+00
4.77017044e+00
4.79225082e+00
4.81465615e+00
4.83698501e+00
4.85917444e+00
4.88143725e+00
4.90387307e+00
4.92617188e+00
4.94833205e+00
4.97083215e+00
4.99324062e+00
5.01551289e+00
5.03785976e+00
5.06037813e+00
5.08276272e+00
5.10501198e+00
5.12758189e+00
5.15007895e+00
5.17244310e+00
5.19484937e+00
5.21745900e+00
5.23993813e+00
5.26228529e+00
5.28490029e+00
5.30749443e+00
5.32995902e+00
5.35240026e+00
5.37510940e+00
5.39769137e+00
5.42014476e+00
5.44278041e+00
5.46547968e+00
5.48805277e+00
5.51050488e+00
5.53332130e+00
5.55601392e+00
5.57858138e+00
5.60121362e+00
5.62402555e+00
5.64671472e+00
5.66927979e+00
5.69208500e+00
5.71489559e+00
5.73758446e+00
5.76018965e+00
5.78312132e+00
5.80593365e+00
5.82862537e+00
5.85138926e+00
5.87432464e+00
5.89714177e+00
5.91983942e+00
5.94275477e+00
5.96569684e+00
5.98852181e+00
6.01122844e+00
6.03428791e+00
6.05723964e+00
6.08007541e+00
6.10291232e+00
6.12599024e+00
6.14895454e+00
6.17180406e+00
6.19477095e+00
6.21786312e+00
6.24084285e+00
6.26370901e+00
6.28679851e+00
6.30990774e+00
6.33290573e+00
6.35579137e+00
6.37899607e+00
6.40212510e+00
6.42514412e+00
6.44810522e+00
6.47136448e+00
6.49451603e+00
6.51755880e+00
6.54062127e+00
6.56390446e+00
6.58708116e+00
6.61015036e+00
6.63330682e+00
6.65661651e+00
6.67982098e+00
6.70291922e+00
6.72616227e+00
6.74950100e+00
6.77273579e+00
6.79586563e+00
6.81918787e+00
6.84255812e+00
6.86582571e+00
6.88898967e+00
6.91238369e+00
6.93578788e+00
6.95909071e+00
6.98229124e+00
7.00574964e+00
7.02919014e+00
7.05253059e+00
7.07577008e+00
7.09928549e+00
7.12276460e+00
7.14614500e+00
7.16942579e+00
7.19299083e+00
7.21651081e+00
7.23993342e+00
7.26325777e+00
7.28686512e+00
7.31042816e+00
7.33389518e+00
7.35726531e+00
7.38090767e+00
7.40451590e+00
7.42802947e+00
7.45144753e+00
7.47511762e+00
7.49877312e+00
7.52233532e+00
7.54580340e+00
7.56949401e+00
7.59319879e+00
7.61681163e+00
7.64033175e+00
7.66403571e+00
7.68779171e+00
7.71145716e+00
7.73503128e+00
7.75874147e+00
7.78255058e+00
7.80627053e+00
7.82990054e+00
7.85360991e+00
7.87747396e+00
7.90125023e+00
7.92493797e+00
7.94863953e+00
7.97256028e+00
7.99639463e+00
8.02014186e+00
8.04382870e+00
8.06780784e+00
8.09170197e+00
8.11551040e+00
8.13923241e+00
8.16321485e+00
8.18717040e+00
8.21104164e+00
8.23482791e+00
8.25877938e+00
8.28279791e+00
8.30673355e+00
8.33058564e+00
8.35449940e+00
8.37858243e+00
8.40258396e+00
8.42650338e+00
8.45037278e+00
8.47452174e+00
8.49859062e+00
8.52257879e+00
8.54648563e+00
8.57061356e+00
8.59475115e+00
8.61880945e+00
8.64278786e+00
8.66685550e+00
8.69106310e+00
8.71519283e+00
8.73924411e+00
8.76324507e+00
8.78752393e+00
8.81172633e+00
8.83585170e+00
8.85989947e+00
8.88413100e+00
8.90840724e+00
8.93260788e+00
8.95673235e+00
8.98088160e+00
9.00523279e+00
9.02950980e+00
9.05371206e+00
9.07783906e+00
9.10220013e+00
9.12655453e+00
9.15083562e+00
9.17504288e+00
9.19930631e+00
9.22373909e+00
9.24809998e+00
9.27238846e+00
9.29660403e+00
9.32106043e+00
9.34550200e+00
9.36987260e+00
9.39417172e+00
9.41851541e+00
9.44303851e+00
9.46749204e+00
9.49187553e+00
9.51618849e+00
9.54070627e+00
9.56524350e+00
9.58971211e+00
9.61411162e+00
9.63850199e+00
9.66312362e+00
9.68767803e+00
9.71216477e+00
9.73658339e+00
9.76112899e+00
9.78576984e+00
9.81034442e+00
9.83485230e+00
9.85929305e+00
9.88398402e+00
9.90864699e+00
9.93324467e+00
9.95777665e+00
9.98231705e+00
1.00070689e+01
1.00317569e+01
1.00563805e+01
1.00809395e+01
1.01056065e+01
1.01303852e+01
