function pdf = wind_pdf

pdf = [
5.65750286e-72
1.08332836e-69
1.78040925e-67
2.24686670e-65
3.41949942e-64
2.82326007e-21
1.47535426e-20
7.32353927e-20
3.45874650e-19
1.55654491e-18
6.68499494e-18
2.74389866e-17
1.07788903e-16
4.05799467e-16
1.46606879e-15
5.08930956e-15
1.69966731e-14
5.46753605e-14
1.69608646e-13
5.07952506e-13
7.41961122e-13
8.34960337e-13
9.41506345e-13
7.49261820e-12
3.79379856e-11
1.11955335e-10
2.86841825e-10
6.88792586e-10
1.38617415e-09
2.84420299e-09
5.94410810e-09
1.23760718e-08
2.54101252e-08
4.91096098e-08
8.75091904e-08
1.60312628e-07
2.95498469e-07
5.41503893e-07
9.47240223e-07
1.55389733e-06
2.59682813e-06
4.35815074e-06
7.28185258e-06
1.13223677e-05
1.75011499e-05
2.72711301e-05
4.24864680e-05
6.33757496e-05
9.23246718e-05
1.35517829e-04
1.99105996e-04
2.81682038e-04
3.91830744e-04
5.47979417e-04
7.66738117e-04
1.02732160e-03
1.37588115e-03
1.84820959e-03
2.44893106e-03
3.16165761e-03
4.09864718e-03
5.31884648e-03
6.68109844e-03
8.40072983e-03
1.05811220e-02
1.30618468e-02
1.60003818e-02
1.96368519e-02
2.37818493e-02
2.84850419e-02
3.41780803e-02
4.05901595e-02
4.76791442e-02
5.60892994e-02
6.53466790e-02
7.54593757e-02
8.72393377e-02
9.97988449e-02
1.13514370e-01
1.29227528e-01
1.45331384e-01
1.63090015e-01
1.83026127e-01
2.02734287e-01
2.24767339e-01
2.48216892e-01
2.72031654e-01
2.98313796e-01
3.24683788e-01
3.52401439e-01
3.82265404e-01
4.11039776e-01
4.42197628e-01
4.73526701e-01
5.05158113e-01
5.39002892e-01
5.70636726e-01
6.04339470e-01
6.37654106e-01
6.70662646e-01
7.05172426e-01
7.37019894e-01
7.70483207e-01
8.02391694e-01
8.34022813e-01
8.65793616e-01
8.95214737e-01
9.25764834e-01
9.53199587e-01
9.81004354e-01
1.00721558e+00
1.03203801e+00
1.05661509e+00
1.07828361e+00
1.10047688e+00
1.11928143e+00
1.13807001e+00
1.15469641e+00
1.17005784e+00
1.18431556e+00
1.19628160e+00
1.20804144e+00
1.21669166e+00
1.22543057e+00
1.23133751e+00
1.23683428e+00
1.24035609e+00
1.24278284e+00
1.24395900e+00
1.24351234e+00
1.24241947e+00
1.23931393e+00
1.23605944e+00
1.23052148e+00
1.22499490e+00
1.21749989e+00
1.20979229e+00
1.20063442e+00
1.19098602e+00
1.18032115e+00
1.16896813e+00
1.15695862e+00
1.14412998e+00
1.13094072e+00
1.11685578e+00
1.10265083e+00
1.08751732e+00
1.07245710e+00
1.05646975e+00
1.04069192e+00
1.02404842e+00
1.00762488e+00
9.90566545e-01
9.73661439e-01
9.56313747e-01
9.39076265e-01
9.21555234e-01
9.04119829e-01
8.86531553e-01
8.69018359e-01
8.51458829e-01
8.33974236e-01
8.16529369e-01
7.99166726e-01
7.81912578e-01
7.64752969e-01
7.47756079e-01
7.30869162e-01
7.14187008e-01
6.97631880e-01
6.81313401e-01
6.65139466e-01
6.49225643e-01
6.33473481e-01
6.17997939e-01
6.02700143e-01
5.87689771e-01
5.72871759e-01
5.58347327e-01
5.44028111e-01
5.30004871e-01
5.16197784e-01
5.02686056e-01
4.89399426e-01
4.76405155e-01
4.63642938e-01
4.51168212e-01
4.38930569e-01
4.26974116e-01
4.15257943e-01
4.03815583e-01
3.92614990e-01
3.81680053e-01
3.70986805e-01
3.60550512e-01
3.50354415e-01
3.40406229e-01
3.30695483e-01
3.21223416e-01
3.11984928e-01
3.02975825e-01
2.94195483e-01
2.85635272e-01
2.77298190e-01
2.69172100e-01
2.61262831e-01
2.53555593e-01
2.46058311e-01
2.38754323e-01
2.31652990e-01
2.24736466e-01
2.18014964e-01
2.11470068e-01
2.05111814e-01
1.98923268e-01
1.92911887e-01
1.87064494e-01
1.81384607e-01
1.75862626e-01
1.70499094e-01
1.65287125e-01
1.60225117e-01
1.55308152e-01
1.50533187e-01
1.45896646e-01
1.41394641e-01
1.37024404e-01
1.32781698e-01
1.28664125e-01
1.24667507e-01
1.20789440e-01
1.17026180e-01
1.13375017e-01
1.09832810e-01
1.06396564e-01
1.03063482e-01
9.98306456e-02
9.66952782e-02
9.36548241e-02
9.07062696e-02
8.78476490e-02
8.50755070e-02
8.23886438e-02
7.97831581e-02
7.72582880e-02
7.48102705e-02
7.24379953e-02
7.01385250e-02
6.79100890e-02
6.57506812e-02
6.36577753e-02
6.16303686e-02
5.96651143e-02
5.77620575e-02
5.59174103e-02
5.41310279e-02
5.24000033e-02
5.07233394e-02
4.90992506e-02
4.75257988e-02
4.60023173e-02
4.45259293e-02
4.30970698e-02
4.17124463e-02
4.03720445e-02
3.90737026e-02
3.78164174e-02
3.65991652e-02
3.54199735e-02
3.42789113e-02
3.31733782e-02
3.21035835e-02
3.10674360e-02
3.00643623e-02
2.90933691e-02
2.81529385e-02
2.72431127e-02
2.63617591e-02
2.55090734e-02
2.46833650e-02
2.38841039e-02
2.31106105e-02
2.23614796e-02
2.16369733e-02
2.09352387e-02
2.02563197e-02
1.95991099e-02
1.89628830e-02
1.83474288e-02
1.77513774e-02
1.71749416e-02
1.66168214e-02
1.60767120e-02
1.55541516e-02
1.50481112e-02
1.45588750e-02
1.40851217e-02
1.36267728e-02
1.31832788e-02
1.27538843e-02
1.23387460e-02
1.19367706e-02
1.15479222e-02
1.11716778e-02
1.08074284e-02
1.04552901e-02
1.01143416e-02
9.78453769e-03
9.46545605e-03
9.15654075e-03
8.85794064e-03
8.56884756e-03
8.28918066e-03
8.01866062e-03
7.75676756e-03
7.50359725e-03
7.25854349e-03
7.02143234e-03
6.79214644e-03
6.57018441e-03
6.35555766e-03
6.14788784e-03
5.94688499e-03
5.75259594e-03
5.56452174e-03
5.38259269e-03
5.20664418e-03
5.03633132e-03
4.87167243e-03
4.71234642e-03
4.55814866e-03
4.40910675e-03
4.26484408e-03
4.12529092e-03
3.99034470e-03
3.85973072e-03
3.73343444e-03
3.61125937e-03
3.49301079e-03
3.37871433e-03
3.26810898e-03
3.16107932e-03
3.05762679e-03
2.95750163e-03
2.86064356e-03
2.76699588e-03
2.67636304e-03
2.58871078e-03
2.50394333e-03
2.42190721e-03
2.34258634e-03
2.26586096e-03
2.19160978e-03
2.11982868e-03
2.05038569e-03
1.98318376e-03
1.91822582e-03
1.85537678e-03
1.79455743e-03
1.73577398e-03
1.67889510e-03
1.62385430e-03
1.57065825e-03
1.51918436e-03
1.46937489e-03
1.42123488e-03
1.37465402e-03
1.32958020e-03
1.28601533e-03
1.24386376e-03
1.20307662e-03
1.16365173e-03
1.12550943e-03
1.08860236e-03
1.05292363e-03
1.01841024e-03
9.85015028e-04
9.52726105e-04
9.21497184e-04
8.91280418e-04
8.62058844e-04
8.33802515e-04
8.06462315e-04
7.80016311e-04
7.54450202e-04
7.29713258e-04
7.05779214e-04
6.82647287e-04
6.60266172e-04
6.38611677e-04
6.17676034e-04
5.97426768e-04
5.77835056e-04
5.58886829e-04
5.40566668e-04
5.22841532e-04
5.05692491e-04
4.89117170e-04
4.73081019e-04
4.57566146e-04
4.42563593e-04
4.28055699e-04
4.14019458e-04
4.00440167e-04
3.87315063e-04
3.74616697e-04
3.62331449e-04
3.50451432e-04
3.38963559e-04
3.27849442e-04
3.17097128e-04
3.06703238e-04
2.96648719e-04
2.86921514e-04
2.77512866e-04
2.68417017e-04
2.59617273e-04
2.51104145e-04
2.42871783e-04
2.34911144e-04
2.27209780e-04
2.19759372e-04
2.12555866e-04
2.05588920e-04
1.98848983e-04
1.92328760e-04
1.86025201e-04
1.79928032e-04
1.74029605e-04
1.68323525e-04
1.62807191e-04
1.57471302e-04
1.52309395e-04
1.47315867e-04
1.42488191e-04
1.37818593e-04
1.33301294e-04
1.28931383e-04
1.24706169e-04
1.20619708e-04
1.16666557e-04
1.12842413e-04
1.09144282e-04
1.05568167e-04
1.02108734e-04
9.87622160e-05
9.55252439e-05
9.23957601e-05
8.93684011e-05
8.64398661e-05
8.36069588e-05
8.08677755e-05
7.82185352e-05
7.56557839e-05
7.31767224e-05
7.07788195e-05
6.84604764e-05
6.62178241e-05
6.40484119e-05
6.19498668e-05
5.99203843e-05
5.79578500e-05
5.60594089e-05
5.42229835e-05
5.24465624e-05
5.07287344e-05
4.90674165e-05
4.74603671e-05
4.59058256e-05
4.44020875e-05
4.29479203e-05
4.15415934e-05
4.01812136e-05
3.88652889e-05
3.75923752e-05
3.63612874e-05
3.51708143e-05
3.40192408e-05
3.29053029e-05
3.18277772e-05
3.07854796e-05
2.97776988e-05
2.88028774e-05
2.78599169e-05
2.69477812e-05
2.60654672e-05
2.52121130e-05
2.43869088e-05
2.35886760e-05
2.28165371e-05
2.20696426e-05
2.13471706e-05
2.06484304e-05
1.99727053e-05
1.93190688e-05
1.86868016e-05
1.80752076e-05
1.74836133e-05
1.69113951e-05
1.63580672e-05
1.58228279e-05
1.53050880e-05
1.48042771e-05
1.43198434e-05
1.38512528e-05
1.33980669e-05
1.29597719e-05
1.25358065e-05
1.21257037e-05
1.17290114e-05
1.13452920e-05
1.09741223e-05
1.06151396e-05
1.02679567e-05
9.93212516e-06
9.60727454e-06
9.29304656e-06
8.98909456e-06
8.69508312e-06
8.41068770e-06
8.13565067e-06
7.86962421e-06
7.61229582e-06
7.36338158e-06
7.12260681e-06
6.88970574e-06
6.66442123e-06
6.44650453e-06
6.23573108e-06
6.03188282e-06
5.83469929e-06
