function cdf = wind_cdf

cdf_left = [
9.86313163e-73
1.70623446e-70
2.51479384e-68
3.17371460e-66
3.44611658e-64
7.84244152e-24
4.09823377e-23
2.03433012e-22
9.60769365e-22
4.32376488e-21
1.85695550e-20
7.62199188e-20
2.99415629e-19
1.12722831e-18
4.07244065e-18
1.41370659e-17
4.72132977e-17
1.51877021e-16
4.71138289e-16
1.41098865e-15
4.08406258e-15
1.14370810e-14
3.10197173e-14
8.15628398e-14
2.08112089e-13
5.15772689e-13
1.24270608e-12
2.91345508e-12
6.65191957e-12
1.48027322e-11
3.21321190e-11
6.80886993e-11
1.40952914e-10
2.85266970e-10
5.64823288e-10
1.09484629e-09
2.07902516e-09
3.86999186e-09
7.06599165e-09
1.26622135e-08
2.22829237e-08
3.85305734e-08
6.55008077e-08
1.09528081e-07
1.80245550e-07
2.92065039e-07
4.66207799e-07
7.33443947e-07
1.13772672e-06
1.74093568e-06
2.62896877e-06
3.91944459e-06
5.77129079e-06
8.39649935e-06
1.20743226e-05
1.71681618e-05
2.41453627e-05
3.36000755e-05
4.62792632e-05
6.31118503e-05
8.52408962e-05
1.14058556e-04
1.51243457e-04
1.98799999e-04
2.59098919e-04
3.34918369e-04
4.29484626e-04
5.46511432e-04
6.90236934e-04
8.65457106e-04
1.07755456e-03
1.33252162e-03
1.63697670e-03
1.99817292e-03
2.42399831e-03
2.92296676e-03
3.50419940e-03
4.17739599e-03
4.95279635e-03
5.84113186e-03
6.85356756e-03
8.00163520e-03
9.29715817e-03
1.07521692e-02
1.23788221e-02
1.41892980e-02
1.61957090e-02
1.84099983e-02
2.08438411e-02
2.35085446e-02
2.64149510e-02
2.95733432e-02
3.29933559e-02
3.66838913e-02
4.06530426e-02
4.49080241e-02
4.94551104e-02
5.42995843e-02
5.94456934e-02
6.48966174e-02
7.06544441e-02
7.67201552e-02
8.30936224e-02
8.97736115e-02
9.67577960e-02
1.04042779e-01
1.11624123e-01
1.19496385e-01
1.27653163e-01
1.36087139e-01
1.44790140e-01
1.53753187e-01
1.62966565e-01
1.72419882e-01
1.82102133e-01
1.92001774e-01
2.02106783e-01
2.12404732e-01
2.22882850e-01
2.33528094e-01
2.44327211e-01
2.55266800e-01
2.66333374e-01
2.77513417e-01
2.88793438e-01
3.00160023e-01
3.11599885e-01
3.23099907e-01
3.34647184e-01
3.46229062e-01
3.57833173e-01
3.69447463e-01
3.81060224e-01
3.92660116e-01
4.04236186e-01
4.15777890e-01
4.27275107e-01
4.38718147e-01
4.50097766e-01
4.61405168e-01
4.72632014e-01
4.83770418e-01
4.94812953e-01
    ];

cdf_right = [
4.94247356e-01
4.83417031e-01
4.72702150e-01
4.62108353e-01
4.51640847e-01
4.41304419e-01
4.31103446e-01
4.21041902e-01
4.11123374e-01
4.01351071e-01
3.91727842e-01
3.82256182e-01
3.72938252e-01
3.63775889e-01
3.54770622e-01
3.45923684e-01
3.37236029e-01
3.28708342e-01
3.20341057e-01
3.12134367e-01
3.04088240e-01
2.96202432e-01
2.88476497e-01
2.80909803e-01
2.73501543e-01
2.66250748e-01
2.59156294e-01
2.52216921e-01
2.45431235e-01
2.38797727e-01
2.32314775e-01
2.25980659e-01
2.19793567e-01
2.13751606e-01
2.07852809e-01
2.02095142e-01
1.96476515e-01
1.90994784e-01
1.85647762e-01
1.80433224e-01
1.75348912e-01
1.70392541e-01
1.65561807e-01
1.60854388e-01
1.56267951e-01
1.51800155e-01
1.47448658e-01
1.43211117e-01
1.39085194e-01
1.35068558e-01
1.31158889e-01
1.27353880e-01
1.23651241e-01
1.20048700e-01
1.16544003e-01
1.13134923e-01
1.09819252e-01
1.06594813e-01
1.03459452e-01
1.00411047e-01
9.74475022e-02
9.45667558e-02
9.17667760e-02
8.90455636e-02
8.64011526e-02
8.38316107e-02
8.13350397e-02
7.89095756e-02
7.65533896e-02
7.42646873e-02
7.20417098e-02
6.98827333e-02
6.77860689e-02
6.57500629e-02
6.37730968e-02
6.18535865e-02
5.99899829e-02
5.81807709e-02
5.64244698e-02
5.47196325e-02
5.30648453e-02
5.14587275e-02
4.98999311e-02
4.83871404e-02
4.69190713e-02
4.54944711e-02
4.41121179e-02
4.27708201e-02
4.14694161e-02
4.02067735e-02
3.89817887e-02
3.77933864e-02
3.66405192e-02
3.55221668e-02
3.44373356e-02
3.33850583e-02
3.23643930e-02
3.13744231e-02
3.04142565e-02
2.94830250e-02
2.85798841e-02
2.77040122e-02
2.68546099e-02
2.60309003e-02
2.52321274e-02
2.44575563e-02
2.37064727e-02
2.29781819e-02
2.22720090e-02
2.15872979e-02
2.09234110e-02
2.02797287e-02
1.96556491e-02
1.90505873e-02
1.84639753e-02
1.78952613e-02
1.73439092e-02
1.68093984e-02
1.62912235e-02
1.57888936e-02
1.53019319e-02
1.48298757e-02
1.43722757e-02
1.39286956e-02
1.34987121e-02
1.30819140e-02
1.26779025e-02
1.22862904e-02
1.19067019e-02
1.15387722e-02
1.11821475e-02
1.08364843e-02
1.05014495e-02
1.01767197e-02
9.86198113e-03
9.55692955e-03
9.26126967e-03
8.97471502e-03
8.69698775e-03
8.42781830e-03
8.16694521e-03
7.91411488e-03
7.66908131e-03
7.43160591e-03
7.20145731e-03
6.97841107e-03
6.76224954e-03
6.55276167e-03
6.34974276e-03
6.15299433e-03
5.96232389e-03
5.77754480e-03
5.59847608e-03
5.42494225e-03
5.25677315e-03
5.09380381e-03
4.93587426e-03
4.78282942e-03
4.63451892e-03
4.49079699e-03
4.35152231e-03
4.21655784e-03
4.08577077e-03
3.95903231e-03
3.83621764e-03
3.71720573e-03
3.60187928e-03
3.49012457e-03
3.38183136e-03
3.27689280e-03
3.17520530e-03
3.07666846e-03
2.98118496e-03
2.88866047e-03
2.79900355e-03
2.71212557e-03
2.62794064e-03
2.54636548e-03
2.46731941e-03
2.39072419e-03
2.31650403e-03
2.24458545e-03
2.17489723e-03
2.10737035e-03
2.04193792e-03
1.97853511e-03
1.91709908e-03
1.85756894e-03
1.79988568e-03
1.74399210e-03
1.68983277e-03
1.63735396e-03
1.58650362e-03
1.53723129e-03
1.48948808e-03
1.44322660e-03
1.39840094e-03
1.35496659e-03
1.31288042e-03
1.27210064e-03
1.23258675e-03
1.19429951e-03
1.15720088e-03
1.12125399e-03
1.08642314e-03
1.05267372e-03
1.01997217e-03
9.88286004e-04
9.57583718e-04
9.27834793e-04
8.99009651e-04
8.71079632e-04
8.44016964e-04
8.17794734e-04
7.92386862e-04
7.67768079e-04
7.43913895e-04
7.20800582e-04
6.98405145e-04
6.76705305e-04
6.55679469e-04
6.35306717e-04
6.15566776e-04
5.96440002e-04
5.77907359e-04
5.59950403e-04
5.42551262e-04
5.25692615e-04
5.09357682e-04
4.93530202e-04
4.78194418e-04
4.63335062e-04
4.48937340e-04
4.34986917e-04
4.21469903e-04
4.08372838e-04
3.95682680e-04
3.83386792e-04
3.71472930e-04
3.59929227e-04
3.48744189e-04
3.37906674e-04
3.27405889e-04
3.17231374e-04
3.07372995e-04
2.97820933e-04
2.88565672e-04
2.79597993e-04
2.70908962e-04
2.62489924e-04
2.54332491e-04
2.46428536e-04
2.38770185e-04
2.31349808e-04
2.24160012e-04
2.17193633e-04
2.10443730e-04
2.03903579e-04
1.97566661e-04
1.91426663e-04
1.85477467e-04
1.79713145e-04
1.74127953e-04
1.68716324e-04
1.63472867e-04
1.58392356e-04
1.53469728e-04
1.48700078e-04
1.44078651e-04
1.39600844e-04
1.35262192e-04
1.31058372e-04
1.26985195e-04
1.23038601e-04
1.19214656e-04
1.15509549e-04
1.11919589e-04
1.08441195e-04
1.05070903e-04
1.01805352e-04
9.86412875e-05
9.55755561e-05
9.26051020e-05
8.97269645e-05
8.69382746e-05
8.42362528e-05
8.16182059e-05
7.90815241e-05
7.66236790e-05
7.42422206e-05
7.19347751e-05
6.96990424e-05
6.75327940e-05
6.54338704e-05
6.34001794e-05
6.14296938e-05
5.95204493e-05
5.76705427e-05
5.58781300e-05
5.41414243e-05
5.24586944e-05
5.08282629e-05
4.92485044e-05
4.77178442e-05
4.62347563e-05
4.47977623e-05
4.34054296e-05
4.20563703e-05
4.07492394e-05
3.94827340e-05
3.82555914e-05
3.70665883e-05
3.59145393e-05
3.47982961e-05
3.37167456e-05
3.26688098e-05
3.16534440e-05
3.06696358e-05
2.97164045e-05
2.87927998e-05
2.78979009e-05
2.70308157e-05
2.61906798e-05
2.53766554e-05
2.45879312e-05
2.38237209e-05
2.30832624e-05
2.23658177e-05
2.16706714e-05
2.09971306e-05
2.03445237e-05
1.97122001e-05
1.90995295e-05
1.85059009e-05
1.79307227e-05
1.73734213e-05
1.68334411e-05
1.63102438e-05
1.58033078e-05
1.53121277e-05
1.48362137e-05
1.43750915e-05
1.39283012e-05
1.34953975e-05
1.30759487e-05
1.26695366e-05
1.22757561e-05
1.18942146e-05
1.15245317e-05
1.11663388e-05
1.08192788e-05
1.04830057e-05
1.01571842e-05
9.84148945e-06
9.53560677e-06
9.23923117e-06
8.95206716e-06
8.67382844e-06
8.40423761e-06
8.14302588e-06
7.88993283e-06
7.64470612e-06
7.40710127e-06
7.17688138e-06
6.95381692e-06
6.73768550e-06
6.52827163e-06
6.32536653e-06
6.12876790e-06
5.93827974e-06
5.75371211e-06
5.57488102e-06
5.40160815e-06
5.23372077e-06
5.07105148e-06
4.91343811e-06
4.76072350e-06
4.61275541e-06
4.46938630e-06
4.33047324e-06
4.19587773e-06
4.06546558e-06
3.93910677e-06
3.81667530e-06
3.69804913e-06
3.58310997e-06
