function x_grid = wind_x_grid

x_grid = [
-3.08157570e+00
-2.22655352e+00
-1.48138947e+00
-8.16626944e-01
-1.73296787e-02
-1.73296786e-02
-1.73296783e-02
-1.73296766e-02
-1.73296688e-02
-1.73296342e-02
-1.73294878e-02
-1.73288952e-02
-1.73266009e-02
-1.73180917e-02
-1.72878174e-02
-1.71843616e-02
-1.68443661e-02
-1.57685118e-02
-1.24867770e-02
-2.82591298e-03
5.69153231e-03
1.47846736e-02
3.68450851e-02
6.44722398e-02
6.52531582e-02
6.71516904e-02
7.16374985e-02
8.19474658e-02
8.51014918e-02
8.58224958e-02
8.73554175e-02
9.05360621e-02
9.69814797e-02
1.05423318e-01
1.06428245e-01
1.08333530e-01
1.11871379e-01
1.18309406e-01
1.26009604e-01
1.27671376e-01
1.30528202e-01
1.35352867e-01
1.43361554e-01
1.47511550e-01
1.50385201e-01
1.54929060e-01
1.62005466e-01
1.67784123e-01
1.71046722e-01
1.75914672e-01
1.83081179e-01
1.88677127e-01
1.92614809e-01
1.98196936e-01
2.06017294e-01
2.10488976e-01
2.15358529e-01
2.21957197e-01
2.28980481e-01
2.33569682e-01
2.39602897e-01
2.47459681e-01
2.52444964e-01
2.58272514e-01
2.65661507e-01
2.71834898e-01
2.77675773e-01
2.84903920e-01
2.91691897e-01
2.97689443e-01
3.04949249e-01
3.12014787e-01
3.18266534e-01
3.25683417e-01
3.32822608e-01
3.39394912e-01
3.47050782e-01
3.54140701e-01
3.61076454e-01
3.69022383e-01
3.75992640e-01
3.83315732e-01
3.91491553e-01
3.98395404e-01
4.06113676e-01
4.14010173e-01
4.21356588e-01
4.29464145e-01
4.37098963e-01
4.44873100e-01
4.53202418e-01
4.60753932e-01
4.68930964e-01
4.76986522e-01
4.84959181e-01
4.93487899e-01
5.01331488e-01
5.09688061e-01
5.17973426e-01
5.26207315e-01
5.34831794e-01
5.42996301e-01
5.51575051e-01
5.60005902e-01
5.68514165e-01
5.77199989e-01
5.85676499e-01
5.94478278e-01
6.03027864e-01
6.11791994e-01
6.20542432e-01
6.29297554e-01
6.38200551e-01
6.46970007e-01
6.55951836e-01
6.64790020e-01
6.73775479e-01
6.82742504e-01
6.91749152e-01
7.00815600e-01
7.09857802e-01
7.18999924e-01
7.28089394e-01
7.37272062e-01
7.46434239e-01
7.55650669e-01
7.64884477e-01
7.74143559e-01
7.83433683e-01
7.92742605e-01
8.02076569e-01
8.11441075e-01
8.20808746e-01
8.30233353e-01
8.39638607e-01
8.49114722e-01
8.58566329e-01
8.68081191e-01
8.77582567e-01
8.87129363e-01
8.96683102e-01
9.06256324e-01
9.15864319e-01
9.25459560e-01
9.35123099e-01
9.44736889e-01
9.54456745e-01
9.64086405e-01
9.73862908e-01
9.83511295e-01
9.93339536e-01
1.00303287e+00
1.01288483e+00
1.02262329e+00
1.03249721e+00
1.04228068e+00
1.05217527e+00
1.06200338e+00
1.07191779e+00
1.08178994e+00
1.09172367e+00
1.10163906e+00
1.11159196e+00
1.12154963e+00
1.13152179e+00
1.14152064e+00
1.15151241e+00
1.16155123e+00
1.17156315e+00
1.18164063e+00
1.19167343e+00
1.20178815e+00
1.21184273e+00
1.22199323e+00
1.23207059e+00
1.24225533e+00
1.25235662e+00
1.26257403e+00
1.27270048e+00
1.28294893e+00
1.29310187e+00
1.30337970e+00
1.31356053e+00
1.32386606e+00
1.33407626e+00
1.34440778e+00
1.35464885e+00
1.36500466e+00
1.37527817e+00
1.38565652e+00
1.39596408e+00
1.40636323e+00
1.41670647e+00
1.42712468e+00
1.43750527e+00
1.44794078e+00
1.45836039e+00
1.46881145e+00
1.47927179e+00
1.48973664e+00
1.50023940e+00
1.51071631e+00
1.52126320e+00
1.53175040e+00
1.54234314e+00
1.55283890e+00
1.56347919e+00
1.57398177e+00
1.58467132e+00
1.59517898e+00
1.60591949e+00
1.61643050e+00
1.62722365e+00
1.63775877e+00
1.64858377e+00
1.65917510e+00
1.66999977e+00
1.68064909e+00
1.69147160e+00
1.70218065e+00
1.71299917e+00
1.72376967e+00
1.73458238e+00
1.74541604e+00
1.75622114e+00
1.76711960e+00
1.77791532e+00
1.78888021e+00
1.79966476e+00
1.81069768e+00
1.82148461e+00
1.83257181e+00
1.84343118e+00
1.85450240e+00
1.86543578e+00
1.87648919e+00
1.88749812e+00
1.89853192e+00
1.90961790e+00
1.92063031e+00
1.93179480e+00
1.94278404e+00
1.95402844e+00
1.96503991e+00
1.97631846e+00
1.98741450e+00
1.99866444e+00
2.00984641e+00
2.02106595e+00
2.03233514e+00
2.04352253e+00
2.05488019e+00
2.06603369e+00
2.07748103e+00
2.08870818e+00
2.10013708e+00
2.11145860e+00
2.12284776e+00
2.13426474e+00
2.14561246e+00
2.15712596e+00
2.16843053e+00
2.18004154e+00
2.19144320e+00
2.20301077e+00
2.21451457e+00
2.22603290e+00
2.23763972e+00
2.24910717e+00
2.26081784e+00
2.27232722e+00
2.28404806e+00
2.29566583e+00
2.30732951e+00
2.31905637e+00
2.33066131e+00
2.34249789e+00
2.35414187e+00
2.36598942e+00
2.37774752e+00
2.38952997e+00
2.40140270e+00
2.41311851e+00
2.42510632e+00
2.43691066e+00
2.44885729e+00
2.46078093e+00
2.47265452e+00
2.48469776e+00
2.49656315e+00
2.50865996e+00
2.52064904e+00
2.53266634e+00
2.54477926e+00
2.55672022e+00
2.56895256e+00
2.58102130e+00
2.59316765e+00
2.60536418e+00
2.61742326e+00
2.62974752e+00
2.64190972e+00
2.65416997e+00
2.66646358e+00
2.67863019e+00
2.69105499e+00
2.70332396e+00
2.71568254e+00
2.72808620e+00
2.74034482e+00
2.75288280e+00
2.76527126e+00
2.77771230e+00
2.79023838e+00
2.80261763e+00
2.81523641e+00
2.82775648e+00
2.84026385e+00
2.85292410e+00
2.86544401e+00
2.87811894e+00
2.89078202e+00
2.90333947e+00
2.91614492e+00
2.92881657e+00
2.94153115e+00
2.95434792e+00
2.96703382e+00
2.97990010e+00
2.99273377e+00
3.00547149e+00
3.01845189e+00
3.03130797e+00
3.04418657e+00
3.05719178e+00
3.07007569e+00
3.08308936e+00
3.09612467e+00
3.10904179e+00
3.12218451e+00
3.13525516e+00
3.14825356e+00
3.16147636e+00
3.17458747e+00
3.18770375e+00
3.20096890e+00
3.21412547e+00
3.22735336e+00
3.24066574e+00
3.25387268e+00
3.26720580e+00
3.28057015e+00
3.29383223e+00
3.30726408e+00
3.32068504e+00
3.33400691e+00
3.34753088e+00
3.36101296e+00
3.37439911e+00
3.38800853e+00
3.40155606e+00
3.41501086e+00
3.42869896e+00
3.44231617e+00
3.45584381e+00
3.46960378e+00
3.48329472e+00
3.49689925e+00
3.51072421e+00
3.52449279e+00
3.53817808e+00
3.55206114e+00
3.56591109e+00
3.57968088e+00
3.59361509e+00
3.60754998e+00
3.62140781e+00
3.63538623e+00
3.64940948e+00
3.66335873e+00
3.67737441e+00
3.69148924e+00
3.70553311e+00
3.71957912e+00
3.73378861e+00
3.74793012e+00
3.76200408e+00
3.77630656e+00
3.79054856e+00
3.80472599e+00
3.81904178e+00
3.83338695e+00
3.84767047e+00
3.86199262e+00
3.87644345e+00
3.89083551e+00
3.90516932e+00
3.91971595e+00
3.93421881e+00
3.94866626e+00
3.96320203e+00
3.97781777e+00
3.99238089e+00
4.00689901e+00
4.02162953e+00
4.03631016e+00
4.05094149e+00
4.06565094e+00
4.08045075e+00
4.09520394e+00
4.10991110e+00
4.12479908e+00
4.13967554e+00
4.15450861e+00
4.16935133e+00
4.18435232e+00
4.19931248e+00
4.21423242e+00
4.22923006e+00
4.24431830e+00
4.25936883e+00
4.27438230e+00
4.28952148e+00
4.30470336e+00
4.31985060e+00
4.33496386e+00
4.35023105e+00
4.36551258e+00
4.38076249e+00
4.39598145e+00
4.41136296e+00
4.42674979e+00
4.44210795e+00
4.45743811e+00
4.47292014e+00
4.48841755e+00
4.50388915e+00
4.51933565e+00
4.53490434e+00
4.55051720e+00
4.56610706e+00
4.58167461e+00
4.59731609e+00
4.61304890e+00
4.62876143e+00
4.64445436e+00
4.66015474e+00
4.67601161e+00
4.69185082e+00
4.70767306e+00
4.72347901e+00
4.73940317e+00
4.75537269e+00
4.77132776e+00
4.78726907e+00
4.80322032e+00
4.81932337e+00
4.83541441e+00
4.85149411e+00
4.86756316e+00
4.88369817e+00
4.89992791e+00
4.91614864e+00
4.93236104e+00
4.94856578e+00
4.96486216e+00
4.98122618e+00
4.99758406e+00
5.01393648e+00
5.03028411e+00
5.04671929e+00
5.06322442e+00
5.07972618e+00
5.09622522e+00
5.11272219e+00
5.12927343e+00
5.14592581e+00
5.16257744e+00
5.17922894e+00
5.19588097e+00
5.21253415e+00
5.22933051e+00
5.24613725e+00
5.26294633e+00
5.27975837e+00
5.29657399e+00
5.31343579e+00
5.33040215e+00
5.34737316e+00
5.36434943e+00
5.38133155e+00
5.39832013e+00
5.41536588e+00
5.43250247e+00
5.44964645e+00
5.46679840e+00
5.48395890e+00
5.50112853e+00
5.51832462e+00
5.53563907e+00
5.55296346e+00
5.57029834e+00
5.58764426e+00
5.60500178e+00
5.62237143e+00
5.63981324e+00
5.65732425e+00
5.67484805e+00
5.69238518e+00
5.70993615e+00
5.72750149e+00
5.74508171e+00
5.76272274e+00
5.78044025e+00
5.79817314e+00
5.81592192e+00
5.83368706e+00
5.85146906e+00
5.86926840e+00
5.88708556e+00
5.90499391e+00
5.92294362e+00
5.94091150e+00
5.95889799e+00
5.97690354e+00
5.99492860e+00
6.01297361e+00
6.03103901e+00
6.04915286e+00
